1111111111111111111                                                           1111  11    1                             1111111111111111111111
1 1222222222222222111                                                         121   11    11                          1111122222222222222221 1
111233333333333332221                                                         121 1111 1  11 1                          1 12333333333333332111
122234444444444433221                                                    111111211122111111111                           112234444444444432221
123334555555555443211                                             1111 11122222222222222222221                          1111234555555555433321
12344456666665444321                                              1221 12223333333333333222211                          1  1234566666665444321
12345556777765433321                                       11    11221 1233344444444444321111                              1234567777765554321
123456667776654322211                                      1111  12221 1234445555555554321 11                             11234567788766654321
12345677776655432111                                     111221111232111234555666666654321 1                             111234566777777654321
123456666665544321 1                                     122222222232222234566677777654321111                              1234556667887654321
123455555555443321                                      1123333333333333334567778887654322211                              1234455567777654321
1234444455444332211                                   11122344444444444444456788898765433321                               1233444566666654321
123333344443332211                                   112223345555555555555556789998765444321                               1223334555556654321
12222233333322211                                     122334456666666666666667891098765554321                               1122234444456654321
1211122222222111                                      112333456777777777777777899987666543211                               111233333455654321
121 1111121111                                     11  122234567888888888888888888877765432211                                1222223445554321
111   1 111  1                                   1111 1111234567777777777777777777888765433221                                1111123344554321
 1111 1                                         111211   1234566666666666666666667788765443211                                 11 122334444321
 1    1                                           1121111123456655555555555555556677876554321                                     112233344321
 1                                                 12222222345655444444444444445566787665432111                                    11222333321
                                                  11233333334555443333333333334455678776543221                                      1112222321
                                                1112234444444554433222222222233445678876543321                                        11112221
                                                 1123345555555543322111111112233456788765443211 11                                    1  11111
                                                  1234456666665432211      1122345678876544322111                                        1  1 
                                                 1123455677776543211 111111 112345678876543321111                                             
                                                1112345667887654321 111  111 12345678876543221 1                                              
                                                  12345677887654321 111  111 12345678876543211                                                
                                                  123456777876543211 111111 11234567777654321 1                                               
                                                1 1234566678765432211      11223456776665432111                                               
                                                111234555677765433221111111122334567765554322211                                              
  11                                            122234445666665443322222222223344567765444332211                                         1111 
11111 1                                         12333334555566554433333333333344556766543332211                                         11221 
1 1211111                                      11222223444456665544444444444444556676554322211                                      1   122211
11121 12111                                    1111112333345676655555555555555556676654432111                                      1111 123221
12221112221111                                  1   122223456776666666666666666666665543321 1                                      12211123321
12322222322221 1                                    111123456777777777777777777655555443221                                       112222223321
12333333333321 111                                     123456788888888888888876654444433211                                       122333333321
123444444443211121                                     12345677777777777777777655433333221                                       1123344444321
123455555543222221                                     12345666666666666666666654432222211                                       1223445554321
1234566665433333211111                                11234555555555555665555555433211111                                     1  1123455654321
123456776544433321                                  1 1223444444444444565544444443221 1                                       1   123456654321
1234567765554322211                                 111223334433333334555443333333211                                         11 1123456654321
12345677666543211111                                 1112223443222223444443322222221                                        111111223456654321
1234567777654321 11                                    11123333211123333333221112211                                        122222233456654321
1234566677654321 11                                      12332221 122223322211 1111                                        1123333334456654321
123455567765432111                                      112222111111112332111    1                                         1223444444555554321
1234445666654321 1                                      1111211      122221                                                1233455555565444321
1233345555554321 1                                       1 111      11111111                                              11234455555555433321
122234444444432111                                       111        111  1                                                12234444444444432221
111233333333332221111                                                 1                                                   12333333333333332111
1 122222222222222221                                                                                                     1122222222222222221 1
111111111111111111111                                                                                                    111111111111111111111
PART 3 :: 10309
