3486
5222
6906
2412
1589
5836
5616
7901
3215
3402
4229
1706
8835
6035
7787
9352
5495
8309
8128
9420
9378
2870
8528
1795
4855
9448
3810
7530
7947
5911
3902
5385
8265
1228
6204
8226
1703
8289
3828
7193
9147
9979
2732
9684
3952
5806
1544
1929
3711
9943
8975
1919
9453
7335
7874
4831
9090
6902
1464
1397
1159
1430
8665
7507
7017
9976
7685
5628
3243
4103
9844
6675
6859
2971
2397
6423
1261
4347
9774
5771
6965
3557
9304
9194
2911
3477
6573
1885
7109
1784
7804
9554
7819
7905
6084
8996
8038
6989
3271
9997
3709
3509
1169
8890
8868
1981
2901
9507
7418
3205
9391
7489
6405
5061
4564
8371
8265
6632
6432
3516
6989
9155
5136
4048
9989
1653
5113
5056
1932
9100
9104
7525
8001
5067
9941
4884
6878
2849
9368
7954
3406
7214
6628
4476
2733
6032
3981
9294
1599
5026
8775
3932
8247
7602
7120
4701
7562
4325
4814
1864
9559
8005
2827
3471
4168
1944
3573
9750
7480
9531
3003
9217
5617
9180
2806
4397
3389
7685
2050
4799
9149
9430
7765
2853
2587
4917
6139
9711
7884
4257
8562
5156
4537
3250
2043
2285
7637
1043
9392
9782
