148183
142673
118695
156055
116077
120596
159000
144390
142923
110363
184779
138076
125666
149790
192109
158625
194223
152609
135221
180690
134190
146242
145477
122233
108469
159466
174536
128585
185748
199464
140326
150771
120797
153536
189714
158267
182251
123002
113640
184745
116983
138323
176273
149877
142955
146059
171857
137060
129376
125550
191710
145516
115372
100747
114079
137814
148176
185808
135570
196495
152585
108951
125164
185084
159517
115293
137270
123326
181824
184585
179131
129229
155812
177949
161597
144988
171781
199688
166142
173659
156939
175860
192708
198781
138221
122175
164109
169398
196272
115076
139165
180907
149634
148047
153338
107275
115089
164658
100355
108302
