73 25 48 11
46 94 18 68
72 52 32 35
86 53 37 22
78 89 20 41
16 81 62 46
23 66 50 75
52 29 26 21
39 76 39 74
73 30 61 29
68 72 36 11
27 69 60 52
46 67 79 56
81 28 23 80
37 25 86 58
17 18 21 14
99 83 41 61
85 35 12 24
15 49 44 19
78 96 14 24
48 82 22 26
42 33 77 10
89 24 95 92
12 48 85 14
92 73 13 22
53 30 17 30
22 31 17 70
75 84 25 87
32 15 82 10
58 84 20 33
66 75 63 79
30 51 62 80
40 68 27 67
34 25 31 91
29 23 76 95
45 91 15 21
40 98 79 33
87 19 76 40
21 74 86 47
15 43 44 53
85 39 69 44
17 57 49 16
84 41 32 45
16 99 97 24
13 14 89 76
50 27 18 47
87 41 95 36
25 67 96 20
90 20 37 48
49 84 23 55
19 70 50 18
64 28 65 40
26 60 34 88
65 40 65 12
45 56 16 55
69 46 92 61
79 94 96 58
98 59 36 44
99 43 71 37
54 28 39 91
15 26 97 78
19 13 97 61
38 34 37 90
83 43 72 82
93 90 71 10
70 41 32 20
29 96 22 97
47 51 55 78
35 45 43 66
66 60 34 99
49 63 38 72
80 85 30 93
42 71 38 64
86 50 47 42
31 77 17 88
23 54 34 51
88 16 87 29
27 81 81 63
83 63 64 82
21 14 42 11
77 58 57 57
13 73 53 92
28 44 33 88
32 43 74 26
59 24 55 98
56 38 77 74
10 39 69 28
11 62 19 90
75 93 83 57
59 68 13 91
36 60 12 42
59 52 38 31
36 70 12 95
11 54 51 45
35 64 71 80
67 56 62 31
65 54 18 94
89 98 33 46
27 35 93 94
